0.8608069368878792
0.8282372782385117
0.8074173976014161
0.7935775304175695
0.7886208953059656
0.8046813547252734
0.858425011925461
0.922162046332229
1.0288528836329236
1.094798924224676
1.1272569336320917
1.137826927916482
1.1210915277097397
1.1330202991512432
1.1386893735577133
1.133778474473697
1.1316676232642424
1.112302873375192
1.0735078072182824
1.0782675964255037
1.064015213279003
1.0375724906811745
0.9871898127094408
0.9362327873142878
0.8770029283625399
0.8427908517513549
0.821698754215251
0.8073686532391304
0.8022011242026502
0.8177896400988239
0.868230460864807
0.9230485958490291
1.0257380049009674
1.0877305089072273
1.1200031574674807
1.130310059503092
1.1130569007566224
1.1268520207264097
1.1341464500454268
1.1281554548460837
1.1254671702813732
1.1057908225079747
1.0680039688248495
1.0732749726655608
1.0586834050945864
1.0312716545848233
0.9807670136458133
0.930617426658122
0.8760819290121533
0.8410915418114965
0.8199203132896002
0.8059396345336857
0.8013008146051119
0.8168347949856776
0.8680316668300672
0.9229274045329311
1.0259580680168383
1.0895013231149084
1.1231278489822352
1.1340895932960795
1.1168208660271148
1.129301445793639
1.1353156235476003
1.1285969180268405
1.1253674913678111
1.1056752717370204
1.0680451705954461
1.0718186111079004
1.0563590588330156
1.02951171992753
0.9796973959280295
0.928685494097267
0.8833679765487642
0.8481539752409153
0.8260723747560992
0.8110787940809133
0.8026519648790026
0.8166197360543446
0.867010769926823
0.9215347300772381
1.0240879034993275
1.0865566228680372
1.1184082059734424
1.1281653019150932
1.1108472334410626
1.1248380917461798
1.1332347027256946
1.1292961475239203
1.1266542578436176
1.1065990161458699
1.067006622676162
1.0709035635387725
1.0556836238685088
1.0291626363123456
0.9803325390638625
0.9317332092940045
0.8831159125435183
0.8485061033128225
0.8262713674852903
0.8115490683777458
0.806680772753258
0.821959405462487
0.8712556515671048
0.9244865913982954
1.0275278218664268
1.0907214478168366
1.1238945418292943
1.133890451475647
1.1161271665461714
1.128094188964534
1.1348443823344814
1.129123117374106
1.1236794287559435
1.1009737794514576
1.0617771820665143
1.0633485094369155
1.0462696573259722
1.0189937084152787
0.9745267178706961
0.9323830255692024
0.9594162326418161
0.9220325583777564
0.8954300680810078
0.877346606535504
0.8681743581007081
0.872204829156006
0.894062182269211
0.9177123569928025
0.99903440173856
1.0616872213305928
1.100494480641155
1.109942061718267
1.0923303525822197
1.0791160852115969
1.0711471727227542
1.0562541140237307
1.0429595132950984
1.0272796424361195
1.0251520038860804
1.053835787204708
1.0513501983570306
1.042033328322139
1.0072241870244423
0.9737802573506952
0.9800712694404263
0.9428139946085283
0.9162854876763786
0.8970170555806903
0.8865061929705372
0.8882565021925883
0.9042849095190875
0.9063151546239244
0.9513678693588317
0.9980517444409643
1.0364342733375727
1.0480339223602686
1.0424005307944493
1.04931329309306
1.0508259950584284
1.0464812725448034
1.0401886449564086
1.0354898061989297
1.0439003666045503
1.0838426255143212
1.0918085606797083
1.0916150190765095
1.056082046434809
1.012613462934224
